37075|10039|21738
37222|10035|31078
40902|10032|54744
46259|10002|70878
46838|10034|37785
48180|10040|46585
50332|10026|25925
51241|10030|26058
51413|10031|59450
52945|10037|16994
53967|10033|59049
56937|10029|76271
57767|10027|57049
78138|10009|56975
79288|10110|33
89760|10038|15435
89879|10036|18660
107615|10199|10
108784|10069|1843
112009|10025|96117
112292|10018|4255
116427|10162|1726
117866|10044|9519
123113|10001|17678
133175|10019|39048
135999|10012|26464
137106|10010|27322
137738|10013|24723
138990|10280|4298
139331|10003|53609
143247|10278|2
144872|10016|49904
146411|10170|1
146411|10171|1
147680|10020|1
149724|10017|16231
151404|10165|7
156683|10004|1271
156776|10006|972
158965|10022|26460
160937|10011|45899
162205|10014|32867
163763|10005|1517
180473|10128|59434
188422|10075|25187
191408|10024|61485
191674|10065|31500
192258|10028|40914
194366|10023|59002
198530|10021|44173
256236|10007|3520
